79
79 05 83 0E 60 84 21 8B 6E 74 DE
79
79
79
79
79
79
79
79
79
79
79
79
79
79
79
79 79
79
79
79
79
79
79
79
79
79
79
79
79
79
79
79
79
79
79
79
79
79
79
79
79
79
79
79
79
79
79
79
79
79
79
79
79
79
79
79
79
79
79
79
79
79
79
79
79
79
79
79
79
79
79
79
79
79
79
79
79
79
79
79
79
79
79
79
79
79
79
79
79
79
79
79
79
79
79
79 79
79
79 79
79
79
79
79
79 79
79
79
79
79
79
79
79
79
79 79
79 79 79
79 79 79
79 79 79
79 79 79
79 79 79
79 79 79
79 79 79
79 79 79
79 79 79
79 79 79
79 79 79
79
79
79
79 79 79
79 79
79
79 79
79
79 79
79
79 79
79
79 79
79
79 79
79
79
79
79
79 79
79
79
79
79
79 79
79
79 79
79
79 79
79
79 79
79
79 79
79
79 79
79
79 79
79
79 79
79
79 79
79
79 79 79
79 79 79
79 79
79
79 79 79
79 79
79
79 79 79
79 79 79
79 79 79
79 79 79
79 79 79
79 79 79
79 79 79
79 79 79
79 79 79
79 79 79
79 79 79
79 79 79
79 79 79
79 79 79
79 79 79
79 79 79
79 79 79
79 79 79
79 79 79
79
